{
    "iterations": 317,
    "learning_rate": 0.03169179238183887,
    "depth": 5,
    "l2_leaf_reg": 34.69192181029595,
    "random_strength": 0.08128530616305785,
    "boosting_type": "Ordered",
    "bootstrap_type": "Bernoulli",
    "subsample": 0.8262848173360365,
    "sampling_frequency": "PerTreeLevel",
    "random_state": 999,
    "max_bin": 246,
    "min_data_in_leaf": 25
}