{
    "boosting_type": "gbdt",
    "class_weight": null,
    "colsample_bytree": 0.9783507600804877,
    "importance_type": "split",
    "learning_rate": 0.01925174952763019,
    "max_depth": 5,
    "min_child_samples": 125,
    "min_child_weight": 0.029174888096467923,
    "min_split_gain": 0.0,
    "n_estimators": 608,
    "n_jobs": null,
    "num_leaves": 9,
    "objective": null,
    "random_state": 999,
    "reg_alpha": 0.0028215653430403095,
    "reg_lambda": 4.520273486637514e-05,
    "subsample": 0.8417526124883633,
    "subsample_for_bin": 200000,
    "subsample_freq": 0
}