{
    "boosting_type": "dart",
    "class_weight": null,
    "colsample_bytree": 0.8940097288593928,
    "importance_type": "split",
    "learning_rate": 0.0777618003082537,
    "max_depth": 5,
    "min_child_samples": 143,
    "min_child_weight": 0.009365984584917482,
    "min_split_gain": 0.0,
    "n_estimators": 515,
    "n_jobs": null,
    "num_leaves": 10,
    "objective": null,
    "random_state": 999,
    "reg_alpha": 0.5980974647346508,
    "reg_lambda": 4.2881370818362654e-05,
    "subsample": 0.9466613819690063,
    "subsample_for_bin": 200000,
    "subsample_freq": 0
}